date_time,date_time,date_time,pm2.5_nova,pm10_nova
23,19,37,13.4692307692,22.3564102564
23,19,38,13.5043478261,19.8543478261
23,19,39,13.4043478261,18.8826086957
23,19,40,13.4347826087,20.3847826087
23,19,41,14.1282608696,20.902173913
23,19,42,14.4217391304,23.7586956522
23,19,43,13.6622222222,21.2888888889
23,19,44,14.052173913,22.9173913043
23,19,45,13.747826087,23.9217391304
23,19,46,13.1695652174,20.15
23,19,47,12.9434782609,20.7717391304
23,19,48,13.0108695652,21.002173913
23,19,49,13.1130434783,21.1695652174
23,19,50,12.5173913043,21.4043478261
23,19,51,12.3456521739,20.8391304348
23,19,52,12.4333333333,21.5177777778
23,19,53,12.6913043478,20.2847826087
23,19,54,12.6673913043,20.5152173913
23,19,55,12.7,19.5434782609
23,19,56,12.6782608696,21.3695652174
23,19,57,12.9934782609,19.7608695652
23,19,58,12.8413043478,20.0326086957
23,19,59,13.2,21.8347826087
23,20,0,13.05,21.8065217391
23,20,1,12.7391304348,19.8630434783
23,20,2,12.6955555556,19.0977777778
23,20,3,12.9934782609,21.3195652174
23,20,4,13.6130434783,22.5326086957
23,20,5,13.4869565217,22.9326086957
23,20,6,13.1,20.7
23,20,7,13.6326086957,21.4891304348
23,20,8,13.6891304348,23.2956521739
23,20,9,13.7195652174,20.7695652174
23,20,10,13.6934782609,22.4304347826
23,20,11,13.9066666667,21.7266666667
23,20,12,14.0043478261,22.3413043478
23,20,13,13.95,21.9934782609
23,20,14,14.4195652174,23.3413043478
23,20,15,14.4,24.7673913043
23,20,16,14.5108695652,24.8347826087
23,20,17,14.4260869565,21.65
23,20,18,14.6826086957,23.6347826087
23,20,19,14.6608695652,23.4108695652
23,20,20,15.1911111111,25.0644444444
23,20,21,14.8239130435,24.1173913043
23,20,22,14.6260869565,23.4347826087
23,20,23,14.1543478261,23.3152173913
23,20,24,14.2,20.7413043478
23,20,25,14.6391304348,22.7304347826
23,20,26,14.4239130435,21.4630434783
23,20,27,14.5608695652,22.5565217391
23,20,28,14.9177777778,24.18
23,20,29,14.747826087,24.1717391304
23,20,30,14.9717391304,23.3043478261
23,20,31,15.2173913043,25.3673913043
23,20,32,14.9695652174,24.5630434783
23,20,33,15.2152173913,23.4260869565
23,20,34,15.652173913,24.3434782609
23,20,35,15.352173913,23.7608695652
23,20,36,15.3282608696,24.3869565217
23,20,37,15.3622222222,25.7244444444
23,20,38,15.4043478261,23.35
23,20,39,15.7,25.0804347826
23,20,40,15.1239130435,23.95
23,20,41,14.9630434783,25.0673913043
23,20,42,14.552173913,22.65
23,20,43,15.5217391304,24.4347826087
23,20,44,14.5630434783,21.2956521739
23,20,45,15.1065217391,23.0130434783
23,20,46,15.5088888889,23.5333333333
23,20,47,15.4413043478,24.3608695652
23,20,48,15.2239130435,24.4760869565
23,20,49,15.502173913,25.0086956522
23,20,50,15.0282608696,22.7043478261
23,20,51,15.5543478261,23.6717391304
23,20,52,15.0108695652,21.4173913043
23,20,53,15.347826087,22.6695652174
23,20,54,15.0913043478,23.1630434783
23,20,55,15.1333333333,22.2844444444
23,20,56,15.0043478261,23.15
23,20,57,15.5760869565,25.95
23,20,58,15.552173913,23.6869565217
23,20,59,15.5630434783,23.9869565217
23,21,0,15.1173913043,23.752173913
23,21,1,15.0304347826,23.2695652174
23,21,2,15.5804347826,23.7391304348
23,21,3,15.1622222222,22.5533333333
23,21,4,15.1108695652,22.0913043478
23,21,5,14.9804347826,21.997826087
23,21,6,15.2782608696,22.452173913
23,21,7,15.2804347826,22.6369565217
23,21,8,15.3630434783,23.3130434783
23,21,9,15.1956521739,23.5347826087
23,21,10,15.3630434783,23.0260869565
23,21,11,14.8739130435,23.4369565217
23,21,12,15.4177777778,23.3644444444
23,21,13,15.6782608696,24.9065217391
23,21,14,15.8217391304,24.4217391304
23,21,15,15.3586956522,23.8413043478
23,21,16,15.6652173913,23.6673913043
23,21,17,15.0434782609,22.4652173913
23,21,18,15.1260869565,23.3869565217
23,21,19,15.3760869565,22.9217391304
23,21,20,14.6844444444,22.8066666667
23,21,21,15.0195652174,22.9239130435
23,21,22,15.1565217391,21.8782608696
23,21,23,15.3152173913,22.1108695652
23,21,24,14.8260869565,21.3652173913
23,21,25,14.6652173913,20.7673913043
23,21,26,15.1326086957,22.0739130435
23,21,27,14.6891304348,22.4391304348
23,21,28,15.3711111111,22.0311111111
23,21,29,15.0652173913,22.3260869565
23,21,30,15.2565217391,23.1413043478
23,21,31,14.9391304348,22.6608695652
23,21,32,15.4717391304,24.2369565217
23,21,33,15.3369565217,23.3217391304
23,21,34,15.3434782609,23.0934782609
23,21,35,15.4260869565,23.5086956522
23,21,36,15.8933333333,25.5288888889
23,21,37,15.5173913043,24.6173913043
23,21,38,15.2695652174,22.1456521739
23,21,39,15.1543478261,22.5913043478
23,21,40,15.1934782609,22.9152173913
23,21,41,15.3173913043,22.1391304348
23,21,42,15.5804347826,22.7065217391
23,21,43,15.0217391304,21.1760869565
23,21,44,15.1133333333,22.8866666667
23,21,45,15.5282608696,23.8434782609
23,21,46,15.0304347826,22.3086956522
23,21,47,15.2630434783,22.1456521739
23,21,48,15.1956521739,22.4326086957
23,21,49,14.9652173913,21.1130434783
23,21,50,15.3869565217,23.2630434783
23,21,51,15.1652173913,22.597826087
23,21,52,15.4543478261,23.3826086957
23,21,53,15.1622222222,23.72
23,21,54,15.2826086957,22.5304347826
23,21,55,15.6782608696,22.7630434783
23,21,56,15.252173913,21.4934782609
23,21,57,14.9739130435,21.2673913043
23,21,58,15.5391304348,22.8173913043
23,21,59,15.4586956522,20.9152173913
23,22,0,14.6413043478,20.7782608696
23,22,1,15.5244444444,23.7466666667
23,22,2,15.552173913,22.6282608696
23,22,3,15.2695652174,21.8130434783
23,22,4,16.0869565217,24.0326086957
23,22,5,15.6934782609,23.9
23,22,6,15.8891304348,24.0434782609
23,22,7,15.3282608696,20.7826086957
23,22,8,15.3826086957,21.6130434783
23,22,9,15.4377777778,20.8488888889
23,22,10,15.9260869565,24.0760869565
23,22,11,15.1434782609,21.2869565217
23,22,12,15.65,22.347826087
23,22,13,15.2565217391,22.1847826087
23,22,14,14.7130434783,20.8565217391
23,22,15,14.85,22.1173913043
23,22,16,14.702173913,22.047826087
23,22,17,14.7488888889,22.5866666667
23,22,18,15.1043478261,22.8760869565
23,22,19,14.8217391304,20.3934782609
23,22,20,15.2195652174,21.8239130435
23,22,21,15.6347826087,22.1717391304
23,22,22,15.9108695652,23.5847826087
23,22,23,15.2717391304,22.2717391304
23,22,24,14.6826086957,20.1108695652
23,22,25,15.1173913043,21.2630434783
23,22,26,16.1288888889,23.1977777778
23,22,27,15.2869565217,22.3869565217
23,22,28,15.0956521739,20.85
23,22,29,15.5630434783,21.5630434783
23,22,30,15.5739130435,22.7586956522
23,22,31,16.0804347826,23.3804347826
23,22,32,15.5282608696,23.0543478261
23,22,33,16.0826086957,24.6065217391
23,22,34,16.2177777778,24.0844444444
23,22,35,15.9673913043,25.6130434783
23,22,36,15.9630434783,23.7434782609
23,22,37,15.9282608696,25.2739130435
23,22,38,15.8695652174,23.7608695652
23,22,39,15.6304347826,22.3891304348
23,22,40,15.6847826087,23.6108695652
23,22,41,16.4869565217,24.75
23,22,42,16.0288888889,24.7888888889
23,22,43,15.6543478261,23.9195652174
23,22,44,16.4130434783,25.3347826087
23,22,45,16.0239130435,24.5847826087
23,22,46,15.2326086957,23.1086956522
23,22,47,15.4173913043,23.1891304348
23,22,48,15.2347826087,20.852173913
23,22,49,16.1347826087,23.6891304348
23,22,50,15.7173913043,23.4717391304
23,22,51,15.1888888889,22.12
23,22,52,15.7913043478,24.3347826087
23,22,53,15.7956521739,23.9913043478
23,22,54,15.7956521739,23.8565217391
23,22,55,15.6652173913,22.6217391304
23,22,56,15.9847826087,24.1326086957
23,22,57,15.797826087,22.7891304348
23,22,58,15.8369565217,23.8130434783
23,22,59,15.9511111111,24.7488888889
23,23,0,15.7173913043,23.8413043478
23,23,1,15.7847826087,23.6217391304
23,23,2,15.5347826087,23.4391304348
23,23,3,15.7782608696,21.8891304348
23,23,4,15.7956521739,24.1586956522
23,23,5,16.2347826087,24.3826086957
23,23,6,15.8586956522,24.4195652174
23,23,7,15.5244444444,21.8088888889
23,23,8,15.6043478261,22.7695652174
23,23,9,15.1913043478,21.852173913
23,23,10,15.9152173913,24.497826087
23,23,11,15.6347826087,23.35
23,23,12,15.4673913043,21.8369565217
23,23,13,15.897826087,23.7347826087
23,23,14,15.7391304348,22.5304347826
23,23,15,15.55,22.6739130435
23,23,16,15.9355555556,23.4244444444
23,23,17,16.0108695652,22.9108695652
23,23,18,15.4282608696,22.0195652174
23,23,19,15.9043478261,24.2782608696
23,23,20,15.252173913,21.4413043478
23,23,21,15.8434782609,23.1456521739
23,23,22,15.7260869565,23.3130434783
23,23,23,15.3152173913,21.6456521739
23,23,24,15.6333333333,23.6666666667
23,23,25,15.3434782609,22.9956521739
23,23,26,15.1173913043,22.7304347826
23,23,27,15.7326086957,23.3826086957
23,23,28,15.4934782609,23.4369565217
23,23,29,15.4673913043,23.2304347826
23,23,30,15.4413043478,22.3260869565
23,23,31,16.0304347826,23.4847826087
23,23,32,15.7043478261,23.3369565217
23,23,33,15.8888888889,25.78
23,23,34,15.247826087,22.9413043478
23,23,35,15.3586956522,22.3760869565
23,23,36,15.5565217391,23.6326086957
23,23,37,15.5086956522,22.3543478261
23,23,38,15.5956521739,22.152173913
23,23,39,15.9152173913,24.297826087
23,23,40,15.897826087,25.5891304348
23,23,41,15.4488888889,21.8377777778
23,23,42,15.4347826087,22.2130434783
23,23,43,15.7847826087,24.1369565217
23,23,44,15.6369565217,22.1239130435
23,23,45,15.9934782609,23.4934782609
23,23,46,15.7369565217,22.0369565217
23,23,47,15.5065217391,23.0586956522
23,23,48,15.7891304348,25.2804347826
23,23,49,15.9956521739,23.8152173913
23,23,50,15.9644444444,23.1688888889
23,23,51,15.5391304348,22.5695652174
23,23,52,16.1326086957,24.4760869565
23,23,53,15.3391304348,22.1630434783
23,23,54,15.5173913043,22.3065217391
23,23,55,15.602173913,24.4630434783
23,23,56,15.8543478261,22.3608695652
23,23,57,15.6891304348,23.3130434783
23,23,58,14.9844444444,21.22
23,23,59,15.5630434783,21.7152173913
24,0,0,16.0108695652,23.7043478261
24,0,1,15.6826086957,22.9239130435
24,0,2,15.6326086957,23.7108695652
24,0,3,14.952173913,21.5804347826
24,0,4,15.1260869565,21.6804347826
24,0,5,15.7152173913,22.6652173913
24,0,6,15.6043478261,22.3717391304
24,0,7,15.6488888889,23.2466666667
24,0,8,15.3717391304,23.0391304348
24,0,9,15.6673913043,23.3739130435
24,0,10,15.5956521739,24.197826087
24,0,11,15.5173913043,23.6891304348
24,0,12,16.202173913,24.9717391304
24,0,13,15.4086956522,23.2652173913
24,0,14,15.2217391304,21.8717391304
24,0,15,15.7444444444,22.6622222222
24,0,16,15.8260869565,22.0826086957
24,0,17,15.2108695652,21.1
24,0,18,16.0434782609,24.1260869565
24,0,19,14.8565217391,20.8847826087
24,0,20,15.402173913,21.5543478261
24,0,21,15.6130434783,22.3891304348
24,0,22,15.8239130435,23.3304347826
24,0,23,15.6333333333,23.2
24,0,24,15.4434782609,21.9347826087
24,0,25,15.9152173913,24.4630434783
24,0,26,15.5413043478,22.0239130435
24,0,27,15.9760869565,24.1630434783
24,0,28,15.2391304348,21.9695652174
24,0,29,15.5652173913,21.697826087
24,0,30,15.3913043478,22.3760869565
24,0,31,15.4282608696,22.6630434783
24,0,32,15.5511111111,22.9888888889
24,0,33,15.8760869565,23.3847826087
24,0,34,15.5673913043,22.8869565217
24,0,35,15.3065217391,23.4130434783
24,0,36,15.5717391304,22.5434782609
24,0,37,15.4347826087,22.4239130435
24,0,38,14.9304347826,20.8260869565
24,0,39,15.6608695652,22.3782608696
24,0,40,15.2666666667,22.2288888889
24,0,41,15.5195652174,23.4586956522
24,0,42,15.2326086957,23.3369565217
24,0,43,14.9630434783,21.7543478261
24,0,44,15.3760869565,21.8673913043
24,0,45,14.6413043478,20.0608695652
24,0,46,15.0108695652,23.7804347826
24,0,47,15.5043478261,23.9347826087
24,0,48,15.1533333333,22.2111111111
24,0,49,15.4413043478,23.0434782609
24,0,50,15.3956521739,21.8173913043
24,0,51,15.1543478261,22.0152173913
24,0,52,15.0152173913,21.7717391304
24,0,53,14.9739130435,20.9673913043
24,0,54,15.3913043478,22.9717391304
24,0,55,15.3065217391,21.5804347826
24,0,56,15.2533333333,22.6777777778
24,0,57,15.1543478261,21.6108695652
24,0,58,15.1956521739,22.2543478261
24,0,59,14.9847826087,21.6326086957
24,1,0,14.902173913,22.2608695652
24,1,1,15.3695652174,22.247826087
24,1,2,15.4086956522,22.8065217391
24,1,3,15.4108695652,23.047826087
24,1,4,14.8913043478,21.0586956522
24,1,5,15.5377777778,23.4555555556
24,1,6,14.9043478261,20.9086956522
24,1,7,14.747826087,20.402173913
24,1,8,15.2934782609,21.2891304348
24,1,9,15.1108695652,20.5804347826
24,1,10,15.4368421053,25.1421052632
